NOTE: feature importances for thresholds are taken from the first calculation

TARGET	booking_bool
all_fea	>0.01	>0.02	>0.03	>0.025	max4	>0.023
0.44886	0.44957	0.45659	0.45324	0.44817	0.42994	0.44817
0.45321	0.45697	0.45670	0.45244	0.45415	0.43240	0.45415
0.45317	0.45240	0.45995	0.45418	0.45221	0.43222	0.45221
0.45419	0.45599	0.46076	0.45601	0.45591	0.43299	0.45591
0.45167	0.45380	0.45979	0.45661	0.45653	0.43260	0.45653
0.45129	0.45238	0.45906	0.45359	0.45377	0.43248	0.45377
0.45526	0.45531	0.45911	0.45879	0.45397	0.43599	0.45397
0.45660	0.45495	0.46044	0.45328	0.45674	0.43541	0.45674
0.45130	0.45268	0.45696	0.45222	0.45294	0.43211	0.45294
0.45356	0.45555	0.46085	0.45357	0.45847	0.43175	0.45847

0.45660	0.45697	0.46085	0.45879	0.45847	0.43599	0.45847	highest score
0.45291	0.45396	0.45902	0.45439	0.45429	0.43279	0.45439	average score

TARGET	booked_clicked_combined
all_fea	>0.01	>0.02	>0.03	max4
0.45037	0.45142	0.45339	0.45154	0.42979
0.45317	0.45538	0.45746	0.45313	0.43471
0.45221	0.45769	0.45762	0.45708	0.43274
0.45272	0.45947	0.45772	0.45642	0.43562
0.45212	0.45324	0.45667	0.45867	0.43318
0.45094	0.45628	0.45319	0.45158	0.43322
0.45402	0.45925	0.45699	0.45391	0.43358
0.45229	0.45707	0.45877	0.45745	0.43449
0.45058	0.45439	0.45996	0.45143	0.43116
0.45555	0.45741	0.45630	0.45671	0.43207

0.45555	0.45947	0.45996	0.45867	0.43562	highest score
0.45240	0.45616	0.45681	0.45479	0.43305	average score

TARGET	click_bool
all_fea	>0.01	>0.02	>0.03	max4
0.45583	0.45951	0.46044	0.45369	
0.45646	0.45899	0.45956	0.45823	
0.45711	0.45954	0.46227	0.45602	
0.45976	0.46349	0.46212	0.45641	
0.46263	0.46053	0.46173	0.45950	
0.45907	0.45703	0.46133	0.45615	
0.46301	0.45992	0.46178	0.46155	
0.45952	0.46046	0.46476	0.46318	
0.45771	0.46010	0.45887	0.45620	
0.46156	0.46358	0.46052	0.45751	
		
0.46301	0.46358	0.46227	0.46318		highest score
0.45926	0.46031	0.46134	0.45784		average score


