Target:	booking_or_click_bool

threshold feature importance
None	>0.01	>0.015	>0.02	>0.03
0.42205	0.43212	0.41104	0.42413	0.41626
0.44287	0.43592	0.44338	0.44539	0.45288
0.45309	0.44844	0.45415	0.45068	0.43499
0.44669	0.44508	0.44400	0.44228	0.44511
0.44137	0.45326	0.43629	0.44874	0.45549
0.43369	0.44273	0.43764	0.44069	0.44953
0.44519	0.42785	0.43050	0.43745	0.43306
0.44496	0.44556	0.45233	0.43932	0.44126
0.44184	0.43951	0.44448	0.42933	0.44637
0.43118	0.43419	0.43608	0.42260	0.43694

0.45309	0.45326	0.45415	0.45068	0.45549	highest score

Target: booked_clicked_combined

threshold feature importance
None	>0.01	>0.015	>0.02	>0.03
0.41361	0.41791	0.41979	0.42765	0.42219
0.43571	0.45580	0.43870	0.44568	0.44497
0.45257	0.44364	0.45615	0.45433	0.45661
0.43399	0.43985	0.45334	0.44540	0.44471
0.44649	0.44838	0.43868	0.43604	0.44757
0.42376	0.43644	0.44168	0.44344	0.44167
0.43511	0.42944	0.44084	0.42431	0.42977
0.44042	0.44818	0.45149	0.45011	0.44685
0.44522	0.42970	0.44202	0.43398	0.43930
0.44448	0.44063	0.43759	0.44862	0.44021

0.45257	0.45580	0.45615	0.45433	0.45661	highest score

Target: booking_bool

threshold feature importance
None	>0.01	>0.015	>0.02	>0.03
0.42060	0.42700	0.42772	0.41433	0.42633
0.43594	0.43681	0.43761	0.44017	0.43774
0.44618	0.44862	0.45825	0.44812	0.44320
0.43618	0.44091	0.44905	0.44695	0.44972
0.44348	0.43968	0.44212	0.44593	0.44188
0.44501	0.43214	0.45114	0.44955	0.44631
0.43204	0.43494	0.43990	0.43823	0.43593
0.43973	0.44217	0.44149	0.45373	0.44643
0.42749	0.45330	0.43974	0.44430	0.43676
0.44153	0.43501	0.43532	0.44511	0.43884

0.44618	0.45330	0.45825	0.45373	0.44972	highest score
